# Created by Octave 3.8.1, Mon Oct 19 15:48:30 2015 EDT <richardo@lzd>>
# name: w
# type: matrix
# rows: 1024
# columns: 1
 0.001428110136649517
 0.03535106886277227
 0.5424359562485707
 -0.3495765215783513
 -0.03432063693973398
 -0.2859113403799106
 0.09019100354061434
 1.292406105925888
 -0.1208224728890207
 0.1251355588458371
 0.1560791735651167
 -0.2909136788688531
 0.1640100320003396
 0.003861273146129096
 0.1825132833330483
 -0.0796776863605006
 -0.1564393155775817
 0.04560717792554098
 0.5458239336369953
 1.269087843809434
 0.5686912317947789
 0.1243289948563238
 0.2072909556806943
 0.1723093441081444
 0.03059946513730728
 -0.3020318524279252
 0.2025915196658047
 0.2138092990662983
 0.09174728283360958
 0.1763017783390933
 -0.105613954589173
 0.3908829148707558
 0.2340869896655089
 -0.4649226398460196
 2.2113229039652
 -0.1987267834834477
 0.2497260101335673
 0.1916837639910924
 -0.555888662250247
 0.9750196424104846
 0.1731602280720922
 0.101878771052774
 0.004806634878795649
 0.5413344211697806
 0.2752111094768309
 0.1339888493925424
 0.07166447408471666
 -0.5493579273921598
 -0.1513956872601051
 -0.8085951721093672
 -0.01265190576408605
 0.1496142495430074
 0.1894604886297177
 1.17481620227936
 -0.8864118078926798
 0.457266146218296
 -0.1510444779200688
 0.3633679709522059
 0.08339504174236639
 0.5440325114713034
 1.822939228269225
 -0.1050131382720604
 0.2564261226132924
 -0.743257322485454
 0.09226355845222976
 0.06725402048646613
 0.2995290220403055
 -0.01813431933692491
 -0.1231362777772472
 0.1603373177381121
 6.540740006871744
 -0.1164473384228931
 -0.1916872106872065
 -0.02833054117783443
 -1.590302393423119
 -1.098441927466599
 -0.4695589293224597
 -0.2858008135567294
 0.3913000700720698
 0.07896673165831899
 -0.02144012956241356
 0.08424018742454481
 0.2465020056391084
 0.1289675547527138
 -0.126023612134075
 0.5438809303085305
 -0.01481877631144824
 0.1434443482461529
 0.3268406455336536
 0.4434842791118099
 0.1751523396725339
 0.4684344470219168
 0.1169091492868665
 0.09859345923452405
 -0.251891456131037
 -0.2126443992738029
 -0.1655447469920551
 0.6954979428750423
 -0.2493141353374034
 1.220628218712133
 -1.987759181199289
 0.1119765910425744
 0.2284704608605732
 0.4118771591313179
 -3.191651027216928
 0.1225571701424709
 -0.4467731717235335
 0.1475603494998617
 -1.44627316090075
 0.5991777077395569
 -0.2787457952933715
 0.3703029351732259
 0.944246426342239
 0.05736492137214765
 0.04737700343733807
 -0.03699677353561452
 -1.849165763171505
 -0.1778341647915619
 0.3192792639942656
 0.231031650856499
 0.5183366114366088
 0.5997107659381095
 -0.04523405502538494
 -0.3038338036482423
 -0.5539106954524667
 0.06174515094764564
 -0.00395674575032944
 -0.02581516272778367
 0.1414346378236212
 0.5822397163529752
 -0.1966676685303076
 -0.06013381350457138
 -0.552254592321869
 0.232619376495921
 -0.04224388775199063
 0.406625905174569
 0.3000030508418504
 -0.5078305446307639
 0.002954428761945879
 -0.07246162685940714
 0.2691068469877083
 0.1101630381445868
 0.262161190399502
 0.2472587490086984
 1.004818034913835
 -0.3708890147932811
 0.1902430445445559
 0.3630819041215848
 -0.2630028764730318
 -0.07659883811813789
 0.147586960059262
 0.2744798099178801
 -0.1208414940372545
 -3.639067443720712
 -0.933068029109704
 0.5217550641354026
 0.004006456647179742
 1.239465194749776
 -0.7404372528017807
 0.186618111837061
 0.06610881988949406
 0.1171870622886838
 1.829325215041091
 -0.3451902597108403
 -1.906563374481391
 1.221200321082786
 0.3749822299008597
 0.06985174744244067
 -0.01110200145189828
 0.2036397717734465
 -1.197756816586127
 0.02400231110773001
 1.044967838632783
 -0.2630434158475479
 0.1911057827316249
 0.2444350089076883
 -0.01244205554363284
 0.03731075971029629
 1.370847482251466
 -0.8293208743490056
 0.1052076811506349
 0.1261824909036043
 0.170424124131783
 2.751930132934759
 0.3247989121936804
 -0.1194749269887212
 -0.1611035079661857
 -0.03918080303700092
 -0.1410854801058288
 -0.1402103597515669
 0.2510046125828748
 0.1114393046660059
 0.1226785443387314
 0.08753656695254035
 0.8402642185098379
 0.1211187004344026
 -0.8234663218173652
 -0.1723293603343086
 0.07992106847230994
 -0.2333539656370723
 0.1705580410209481
 -1.454234862803646
 0.3070858391545555
 -1.574325176481018
 0.192275871723663
 -0.2009548501012853
 0.1311980703447754
 0.0765879553631879
 -0.07697291234171201
 0.3895394776830752
 -0.7056856767146839
 0.2137992929697383
 2.937856804326712
 0.1965332586083461
 0.01908403042228395
 0.2338580586616421
 -4.601324378826278
 -0.7524480912028791
 -0.2988620657473742
 -0.1302826179906745
 -0.4194852223164205
 -1.431633856409301
 -0.09888090485831355
 -0.1618862600709027
 0.4445763925865481
 0.6141299538457411
 3.060526434953533
 0.1402780585591656
 0.09445029035301845
 0.3394164083859884
 0.03366317803869319
 0.2411219570991113
 0.2424860278970676
 0.4260572576067504
 -0.1997361785068189
 0.6294159127224198
 0.3399650020694196
 0.1489819055583134
 -0.2894989751139588
 0.7369705206767345
 0.275100329301637
 0.1230263379940183
 -0.03826875025368792
 -0.9289623572912725
 1.044818248614133
 -0.2210271387193549
 -0.9885009117502438
 -0.07230504444715999
 0.9537933332937507
 0.1806340995675433
 -0.2517984079030383
 0.2459497850324228
 0.3853172285930053
 0.5266186061720837
 0.191327548137241
 -0.21135126421765
 -0.2652163403443702
 0.1478469624579604
 0.2603712723786554
 -0.2696575627511319
 -0.185250897463545
 0.4653903971808764
 -6.100611305237712
 0.1829710916448869
 -0.2702410322676807
 0.0575461183979567
 1.322551284592162
 0.03376958894864912
 0.4055486842954376
 0.2835457498462604
 -0.1148719862259568
 -0.07506061211811095
 0.2133013784755443
 0.1536079298342067
 0.03348129832384841
 0.3244886894264381
 0.1606155343571194
 0.1169203842488807
 0.5947056110856965
 0.09892645588259634
 -0.01971805414876857
 0.04511433786136299
 -0.1661249119122094
 0.09703965545233768
 -0.1517210813902875
 0.1046094778233786
 0.276986144013388
 -0.5012278006408305
 0.04816323234669423
 0.8033494332833481
 -0.112065865184488
 0.2782902103561778
 0.2367268731322743
 -0.2578257610089302
 0.2757100639864747
 3.038460363377119
 1.103786590915042
 0.02024591408398106
 -0.02783520013179088
 0.2652063389969839
 4.312819927670289
 0.1689978678510051
 -0.5111869934765019
 0.4127648957566172
 0.3519663307470632
 0.05420895555946362
 0.717611169195451
 -0.1671541629696952
 0.2861167105527806
 1.979490576930427e-005
 1.198730114272215
 -0.1182462479656832
 0.7385797871220864
 0.1967252837149749
 0.5294385225539809
 0.1932691814935379
 0.1947705665403335
 -0.07020860569281766
 0.5032532832551118
 -9.012398323236821
 0.1290017115598662
 0.3549527039439178
 0.5891151261520037
 0.5211198878604997
 -0.9090993680027207
 1.221405460836106
 0.0925967524881469
 0.3937045021592915
 0.4204438265795487
 0.1660703700136699
 0.5761161466964281
 -0.244344162322809
 -0.4768987055397717
 0.280829163462694
 0.2470543641329506
 0.4583773797150371
 -1.982026873909954
 0.8354231975033645
 0.02343471899223568
 0.2503508784129471
 -0.1904315948721088
 0.1900071502073201
 0.1219644248012991
 -0.05011416747211653
 0.08679705807745484
 -0.2068395378699195
 -0.5161159146263835
 -0.1723296048354132
 -0.2981424447581665
 0.1354467974742888
 0.5974890630978295
 -0.1546510033599292
 0.01978360691326308
 -0.4483818619873756
 0.5932133953489895
 0.5505885803274344
 0.3879575879935546
 0.03356224202870611
 0.4988021608880884
 -0.2667457656853763
 1.226141405899752
 0.1864120793616101
 0.081728149922147
 0.2318002387266248
 0.1742238831891238
 0.2008866345931258
 0.0701282361703118
 0.2962145191629246
 -0.02771970298574138
 0.08764785825998528
 -0.2884114665539388
 -0.2747879084677256
 -0.533334127273472
 -0.6930924133252566
 -0.02908654593442964
 0.1222594451749127
 0.1148803591911891
 2.321991914032095
 0.1565995548854224
 -0.002275084911432062
 0.07263623169823551
 0.8955420741742285
 -0.5125882592790634
 0.09619311181308546
 0.1413695421936629
 0.1008209999190867
 0.269269620761701
 -0.04990789665481841
 0.6181346854942606
 0.1814616836351768
 0.3328984390793239
 -0.006902909620322581
 0.04178760575350025
 -0.7480096788715712
 -1.744607664159215
 0.1987489353880629
 -0.009624429919481998
 -2.536736943186874
 0.3676061456775144
 0.258634925797699
 -0.5453628254510124
 -0.5310734894474984
 0.0006919824737122477
 -0.1576072787523286
 1.698630707746743
 -0.108411815123856
 2.306838798870122
 -1.306140592605872
 0.3209681124855899
 0.4302340157233157
 -0.284606134689619
 0.8050872600157387
 0.04916024127202864
 -0.8722101100777241
 -0.2350968438853663
 -0.5543922887954102
 -0.1239545107429384
 1.670289125373103
 0.02575629403518195
 0.3501013185987878
 1.08297660544481
 0.199834656400574
 1.673581588338752
 -0.0580611857005645
 0.6556611131966332
 0.5192198381707502
 0.06404941386378113
 0.4054887433790709
 0.1933938742166698
 -0.1585719070167316
 0.6385321045720863
 0.112955410544051
 0.3760866469123667
 0.01003910943846609
 1.295624339545063
 1.818166039598719
 -1.353889940070904
 0.205801085620681
 -0.297581345378552
 0.4126642367230619
 -0.4570396709329523
 0.05917493119169216
 0.07220770430459468
 0.4719157028352722
 -0.5676441242288596
 -0.244917822392019
 -0.4502206305551195
 0.0916684832707169
 0.6599888049409808
 0.2703910022336742
 -0.09838004918516405
 -0.2418017199385861
 -0.7146281016522762
 -0.568426182089003
 2.449338611069513
 -0.3379526898162966
 -3.70175752723765
 0.2389033292718786
 1.465187945124718
 0.6405886676111655
 -1.856117836182846
 0.3989520221347356
 -0.03332248101060256
 -0.04411259443614766
 -1.352778779656649
 0.5758254682333279
 0.009923913036476101
 0.0191339685750995
 -1.31563704000541
 -0.1657723922135289
 -0.4364426761090698
 1.443842531752686
 0.1501428556334314
 0.0761336495245894
 0.04279987465695603
 -1.855695395801017
 0.03357140796663544
 0.1161153558634381
 0.2596245513552492
 0.3665427581550981
 -4.293835372184245
 0.2076008495162427
 1.574174531063518
 -2.298270891903319
 0.2036960663173007
 0.003249175309636915
 0.8717976900847765
 1.819560033592389
 -0.2203945723088609
 -0.05794584859708331
 0.370688992929157
 -0.3475103261721876
 -0.3112135549616653
 -0.03325108710506771
 1.171879996446005
 -0.08860379486418103
 -0.08897758277234089
 -1.484261476909727
 0.5791106587842093
 0.1008729061227332
 -0.7361761239604679
 0.125117852047023
 0.7213032876101023
 0.9638342906570162
 -0.01294317179458246
 0.1665283072859403
 -0.06131746652823643
 0.4876322464952172
 0.08434697971634467
 0.2408809945384187
 0.4160967525048695
 -0.4149872183614992
 -0.8267087590072167
 -0.161579887495844
 -0.870420915492974
 -0.4922876985426958
 0.1551762890022273
 0.6747154210416406
 -5.56565787302247
 -0.5950147774398566
 0.3108295732318475
 -1.072379321995928
 -0.5235948177192885
 0.05252046990805657
 -0.8743211668320089
 0.3954886852167419
 0.1567491281720889
 0.1442743874211995
 0.2810538918537437
 -0.4131068376551717
 0.3490163129860294
 0.07946470864520297
 -0.1140683360825288
 0.09700693482264457
 0.2514885508739521
 0.5218851043971414
 0.2519504290212425
 1.091267432354753
 0.06004311561913653
 -0.4836547897890451
 -0.2074934736147457
 0.470475612232487
 1.961326646430798
 0.1427026091662543
 0.4901985597386903
 0.9410370505536195
 0.3786580907448546
 0.4990131014805689
 -0.1817799905715844
 0.1638482961387811
 0.2957495786395359
 1.036063065639505
 0.2479832657821475
 0.05971164756605243
 0.1415015066615444
 -0.4152597640833287
 -0.4374972122341618
 0.1515535920347452
 0.03324608518079945
 0.06514063242491119
 -0.06312766035225473
 0.0300921092358577
 -0.3001921240885567
 0.3217811352050795
 0.2483953880824002
 -2.468316950300089
 0.3708429519009406
 -0.241867848482861
 0.3601197383229987
 0.1798265570475811
 -0.01081916474398755
 0.08701531838713865
 -0.2448473567681848
 0.305770045261875
 0.2807916073491498
 0.0009471472927886698
 0.1223661901342549
 -1.138062226895638
 -0.4515167638257507
 -0.03688075970922999
 0.4851200028807419
 -0.205398418644142
 0.1275192701882785
 0.3062838378625936
 0.2772489771018736
 0.1169474986635794
 0.02398354068308518
 0.203866768852882
 0.2441892622287029
 0.09310106828805015
 -0.5836938309449848
 0.2545045194141625
 -1.076553042260383
 -0.008238522924691263
 -0.2404111513848457
 0.349327916181405
 0.0117334947687798
 0.04683264725932739
 0.7464808652988972
 0.02518156631142538
 -0.3408504100726218
 0.381662473045333
 0.7635292117040036
 0.02767443903133968
 0.6684957532799337
 -0.03875009471711922
 0.09094479678659391
 1.040583016447511
 -0.1603990540537173
 0.4421707189006054
 0.01578502213079924
 -0.1383206054626138
 0.2753098327321564
 -0.1164851190128868
 1.082778722895984
 -0.4792789378155344
 -1.189729188987671
 -0.07374978317121965
 0.309800748813139
 0.04665573429094402
 -0.2010077765769819
 -1.413479870883015
 0.08736244127766049
 0.1608846824835834
 -0.08707885470922574
 0.2207936503742589
 0.4125353372539302
 0.6236543405911326
 0.0750330121960157
 0.3864980749027964
 -0.1233761625902982
 0.2687241121345352
 -1.125586960878632
 -0.1996988969806479
 0.01850970741131933
 -0.01967055302846006
 -0.4850866424287332
 -1.184241799675324
 -0.1771140813798014
 0.7221097880515466
 -0.1259851076886642
 -0.2092856705392938
 0.2504927285866401
 0.04837965021734437
 -0.4335629820492183
 0.2051273252872106
 0.3466538964319711
 -0.1798834839726025
 -0.09252735858809701
 0.2524309492777269
 0.004874081398137726
 -2.207792788927004
 0.2974581985001375
 -1.25947546337012
 0.8041622359000881
 -0.7544222964933736
 1.673361559215014
 0.2747968476660441
 0.2706835808103329
 0.3097616987517691
 0.176244885466832
 0.3552845430806819
 -0.1792313711917365
 0.2375977660303404
 0.2872649324211251
 4.40213974838663
 -0.1316457647250006
 0.6285230263296928
 -1.019866242026524
 0.5232398031401675
 -0.459746593153262
 0.7627801548940163
 0.07384170275861851
 -0.1442499163815713
 0.3948983911962224
 0.175617124860443
 0.01186007871616121
 0.1262868032833254
 0.05340985518204485
 1.059030503809319
 0.2234199169130013
 0.04156926312790312
 0.1035602685167959
 0.04519453645221483
 0.1002950194609957
 0.07579087082894749
 1.120718498801901
 0.1769807056427954
 0.1805560687950175
 0.6412908159607601
 1.555922416744275
 0.0710154396654539
 1.333505762194162
 0.4458282848052295
 0.5097928878869771
 0.2966639280589822
 0.4060525913956107
 0.2122859135941201
 0.1736632710696769
 -1.651188258021368
 0.09941318520800456
 0.002549534825763441
 -2.123582937394848
 -0.01236514398426387
 0.7461949973800529
 -0.2309732782412278
 -0.2827470774315782
 0.3183781746180049
 1.554825830661366
 0.124300154927557
 0.7318530707569816
 0.1096323141990153
 0.01029446401196642
 0.01048376740994198
 -0.1510739731887928
 1.598622388613723
 0.06934054143555794
 0.204342957215376
 0.3171995408135361
 0.01510356301396354
 0.1765252330053617
 0.08489445495485487
 -0.5411012468682718
 -0.1359408947546987
 -0.3094174816685246
 0.6896038833317658
 0.3092036731135616
 -0.369813597811285
 0.04735307889063831
 0.4337981228874575
 -0.996249570313584
 0.03484972641498425
 -2.563210964386182
 -0.924196078061003
 -0.4573144744696025
 0.1624197847390792
 -0.2605479122112437
 -0.7941607315282732
 -0.3726413691112589
 0.1015216880284919
 -0.168356590061235
 -0.02849158565924188
 0.1597682711012111
 0.2375200842485947
 0.5915319330448607
 -2.441708833307837
 0.3009215206817707
 0.3469480691962432
 -0.5801891246357364
 0.1504839367106235
 0.7041107866244435
 -0.1433544396923895
 0.07899239649303771
 0.1702245147491203
 0.1967499378407995
 0.4823532691179801
 0.4038722819878376
 -0.009871887535045976
 -1.221164919647094
 1.261035136619966
 0.3004539787019566
 -0.04366044314671427
 0.2364092497646615
 0.04324963092970791
 -0.5803137593094615
 0.5581005999212608
 0.01197776448856867
 -0.06799541152656947
 0.3025066640527051
 0.6786787861760371
 -0.3547496629489736
 0.1911103749747577
 -1.706087293328156
 0.1498033785194169
 -1.15364306342384
 0.8338890556174022
 -0.06916286089436996
 -0.06079498904383647
 -0.4051309742525718
 0.496551488019435
 -0.01380525219987185
 -0.1391515665516248
 0.02223596963001627
 0.6071590593345129
 0.1896401578426578
 0.4859983974108788
 0.2759560108886556
 0.2047285344870579
 0.04781615776728864
 0.6831917155362397
 -0.1141878697559122
 0.1872976071657194
 1.351833767241137
 0.2399998621531105
 -0.005934621485892464
 -0.02728527578403132
 0.1031204150353221
 6.155554130088085
 0.111444828277412
 0.07618044935652836
 0.4685246042906642
 -0.04347263115453881
 -0.6595158618697889
 0.04672598692098229
 -0.2319298808641361
 -0.0008542287403369379
 0.09778448177448913
 0.6364111145778383
 1.035288279807068
 0.8009168536713756
 0.8803536972999328
 -1.750896133836657
 -0.1213983954623259
 -0.05101648501030234
 -0.01030145895894238
 0.08366070788814668
 0.1341521233220195
 -0.2148760295393827
 -0.07462974676351787
 0.427591548958645
 0.02232320696198073
 0.0008704271078156104
 0.05221413580040726
 0.3033545909204305
 -2.143542547827261
 0.2079058123806003
 2.654095088689179
 0.2895564506634394
 0.02419974578918231
 0.613419030212683
 -0.008312242971523734
 0.4279579003760453
 -0.8316520816835676
 0.3731650130601359
 0.1254357537613228
 1.693339885238059
 0.1740701812314758
 -0.04669157805929933
 0.03452929886218995
 -2.532904389656558
 0.4889131596571922
 0.2140162323110466
 0.1610575330596101
 -0.1483687174768758
 0.3069461221147738
 -0.08727790657104632
 -1.386348791539747
 0.8471307608768172
 1.160378481376683
 -0.0259568892312051
 -0.1137560527249313
 1.919345711914814
 0.8667338950938307
 0.1259996786096835
 0.2269866474501046
 -0.1437656827243206
 -0.294535659584013
 0.2925295356583131
 -0.0955178781568784
 0.002421145292655147
 -0.003685053420818818
 -0.4838133967948036
 -0.3980392359837172
 -0.8822613422895781
 -0.07165514368067311
 0.5440605697909832
 -0.2925219479697163
 -0.1743957500881948
 0.1792120971570316
 -0.09539574312152115
 0.6215259502381107
 1.267297002529515
 -2.017934827514
 3.170759952608047
 0.1721946828270501
 -0.1446086657837467
 -0.01187682403737306
 0.8445458624741288
 0.9623362030820739
 -0.1081838907195625
 -0.6302060551349755
 -0.004904940120931522
 0.564067356908751
 0.893684689082292
 0.124340395533571
 -1.609293902816074
 0.1202670014679889
 0.1733489830009765
 0.4978025177731868
 0.227355724449414
 0.1346611383186899
 0.02981953608010564
 -0.8785285996172189
 0.3471624636283833
 -0.8284538112257309
 -0.2589283685558302
 0.1751923958260744
 -0.7093314393642093
 0.5404659306707844
 -0.479737253485041
 0.8327296170072307
 -0.7218849712644767
 0.04761519574206309
 0.1844595033795497
 0.03189939523149575
 0.9888510765751634
 0.1376371522899775
 -0.3191635688442714
 0.4002355622105765
 0.2948359295197057
 0.3204278763625028
 -0.4519220733745056
 0.02263392599877986
 1.525741148834435
 0.856341238239355
 -0.4104797836852829
 0.7287525560063316
 -0.2904370813405822
 -0.07754637972097186
 1.154809807971394
 0.1942631896848593
 0.4381272421348722
 0.4132854805242566
 0.1104275668329788
 0.06941756408912657
 0.06241917055715448
 0.168536937568032
 -0.305665738331403
 0.2380795826985867
 0.1469380509535461
 0.1834788570358657
 0.4130139930337456
 0.1448945993172868
 0.03576997460957432
 0.3993102724865636
 0.5361231459755343
 4.996773094027181
 0.09432908239263323
 -0.7509442353497244
 0.05051074653780535
 0.7933596781290213
 0.04199562091009638
 0.4947600311947872
 0.5140626126320536
 0.06413154665696937
 1.758320624387887
 -0.00678563321946455
 -0.4334740689538576
 0.7013874392638717
 0.3428469845467796
 -0.09730425003417655
 0.398056408831626
 -1.051404755194546
 0.202852111139837
 0.1448190101923189
 0.1743909481395248
 5.405209033461043
 -0.1235258080329498
 0.1457549575383262
 0.1112408348570751
 1.149175622299
 0.3447799083765467
 0.0393469442706163
 -0.02976828672957955
 -0.1272514129392127
 0.2260941817243326
 0.002540355517734923
 0.1210833620551272
 0.1813040865269849
 -0.488045629294924
 -0.02899280922452734
 0.2034680979515696
 0.2869481332785105
 0.3295681748744833
 0.185194685257512
 0.2976985716078852
 0.09294379456856712
 0.4326474994126929
 1.103970241708175
 0.4993787669655465
 2.253515268146252
 0.4095800909225503
 0.09302943164759407
 -1.285418230030263
 -0.02309488484009544
 -2.708187734509988
 0.1641070705031991
 0.0701459042245203
 0.3148965279916126
 -0.2849620302072502
 0.8839545340409235
 -0.1494735955082913
 0.3682961782760639
 -0.2320208531014026
 0.2330190070756455
 0.2191457540856211
 0.04103931451234243
 -0.08864015621799801
 -0.09596972655101403
 -0.6622888675949595
 1.25482437335761
 0.3277164689864874
 0.4183853518946049
 0.4360538724877781
 0.8078084602031389
 0.6220485433774886
 0.1083772139509147
 -0.1731862556814891
 -2.920200095370834
 0.07518523987349761
 0.187186922811649
 1.501380384235828
 -0.3713110213771078
 -0.02970075407325667
 -0.09193193284557867
 0.6156700376549314
 -0.481862742415774
 0.336248847746107
 0.3764754555667551
 0.1795751637205499
 -0.4771814384192014
 0.258897551994532
 -1.450949090253607
 -0.05116797876262377


