u =

Diagonal Matrix

   1.0012        0        0        0        0        0        0        0        0        0        0        0        0
        0   1.0012        0        0        0        0        0        0        0        0        0        0        0
        0        0   1.0012        0        0        0        0        0        0        0        0        0        0
        0        0        0   1.0012        0        0        0        0        0        0        0        0        0
        0        0        0        0   1.0012        0        0        0        0        0        0        0        0
        0        0        0        0        0   1.0012        0        0        0        0        0        0        0
        0        0        0        0        0        0   1.0012        0        0        0        0        0        0
        0        0        0        0        0        0        0   1.0012        0        0        0        0        0
        0        0        0        0        0        0        0        0   1.0012        0        0        0        0
        0        0        0        0        0        0        0        0        0   1.0012        0        0        0
        0        0        0        0        0        0        0        0        0        0   1.0012        0        0
        0        0        0        0        0        0        0        0        0        0        0   1.0012        0
        0        0        0        0        0        0        0        0        0        0        0        0   1.0012

xTe =

 Columns 1 through 13:

  -0.3901822  -0.4071521  -0.4112880  -0.2641208  -0.0653603   0.1157808  -0.4082597   0.4881051  -0.4082564   0.0307642  -0.3709883   1.1620148  -0.4109232
  -0.4723365  -0.4723365   3.3935364  -0.4723365  -0.4723365  -0.4723365   0.7303795  -0.4723365   1.7827560  -0.4723365  -0.4723365  -0.4723365   3.1787657
   2.4160637  -1.1408208  -1.0911150  -0.4493262   1.0067597   1.0067597   0.5594080   1.0067597  -0.8615915   1.0067597  -0.7329413   1.0067597  -1.0326377
  -0.2396690  -0.2396690  -0.2396690  -0.2396690  -0.2396690  -0.2396690  -0.2396690  -0.2396690  -0.2396690  -0.2396690  -0.2396690  -0.2396690  -0.2396690
   0.4691383  -0.5756318  -1.4027415  -0.1490173   0.8696336   1.3746058  -0.7932923   1.3746058  -1.3069709  -0.2012558  -0.4450355   1.2614224  -1.0980169
  -1.6693975   1.1279094   1.6561018  -0.2904632  -0.7313278   0.5954915  -0.0411564  -0.4820210   0.4039337  -0.0693267   2.4814904  -1.9694107   0.3349166
   1.0119533  -0.2033760  -1.2097662   1.0815997  -0.7222415   0.7333678   0.2911133   0.3955828  -1.6032682   0.7577440   0.6114866   1.0815997  -1.4361169
  -0.9247208  -0.1684104   1.2196396   0.1929026  -0.3337449  -0.5565664  -0.0731530  -0.4702409   1.6857594  -0.3181616  -0.2628601  -1.0354665   2.2644778
  -0.6232494  -0.8525101  -0.7378798  -0.6232494   1.6693575   1.6693575  -0.6232494   1.6693575  -0.3939887   1.6693575  -0.1647281   1.6693575  -0.6232494
   1.8109118  -0.8238270  -0.9791631  -0.6027718   1.5420609   1.5420609  -0.8238270   1.5420609  -0.6864143   1.5420609  -0.6027718   1.5420609  -0.3398954
   0.7421211  -0.3153759  -1.1889604   1.1559243   0.7880992   0.7880992  -0.1314634   0.7880992  -0.8671135   0.7880992  -0.4992885   0.7880992  -0.2693978
  -0.4225429   0.4273440   0.3209302   0.2157208  -0.2477046  -1.1144513   0.4365403  -3.8703708   0.1608717   0.4193520   0.3323161   0.1740092   0.3876031
   2.3541865  -0.9747338  -1.3342794   0.0442101   0.1955247   0.5134241  -0.2959006   0.5856108  -0.4458270   0.0206106  -1.3315030   2.4846780  -0.8831121

 Columns 14 through 26:

  -0.3991561  -0.4027964  -0.4051050  -0.4113287   2.0100059  -0.4090761  -0.3845025   0.5740733  -0.3933105  -0.3965706  -0.3557764  -0.4099771  -0.4089069
   1.4606000   0.9881044  -0.4723365   2.9639950  -0.4723365   0.6015171  -0.4723365  -0.4723365  -0.4723365   0.6015171  -0.4723365  -0.4723365   0.3867464
  -1.1364350  -0.7490226   2.1105195  -1.3454915   1.0067597  -0.9288404   1.5608325   1.0067597  -0.2227265  -0.8893682  -0.7329413  -0.6057531  -1.1525163
  -0.2396690  -0.2396690  -0.2396690  -0.2396690  -0.2396690  -0.2396690  -0.2396690   4.1724203  -0.2396690  -0.2396690   4.1724203  -0.2396690  -0.2396690
  -1.0283655  -1.0631912   0.2253586  -1.0457784   1.6096791  -1.1241361   0.5997346   1.8708716   0.2601843  -0.8890628  -0.4189163  -0.7497602  -0.9769977
   0.3912571   0.3053378  -0.3862421   0.5025296  -0.6482255  -0.1566545  -0.8242896  -0.0932714  -0.8566854  -0.7566810   0.4968956   0.2011078   0.9715645
  -1.3873645  -1.7599726   0.5279110  -1.3664706   0.8169434  -0.7744763   0.9423069   0.9910594  -1.3978114  -0.0954241   0.2632547   0.3468304  -1.1052966
   0.3789990   0.8184658  -0.7466536   2.1735913  -0.9040065   0.7752317  -0.9410167  -0.7823811  -0.4610240   1.6421453   0.1800749   0.5692287   0.7011163
  -0.5086191  -0.2793584  -0.8525101  -0.6232494   1.6693575  -0.6232494  -0.6232494   1.6693575  -0.3939887  -0.1647281  -0.1647281  -0.8525101  -0.5086191
  -0.0590956  -0.4713336  -1.3137331  -0.7640824   1.5420609  -0.7581079   0.1739085   1.5420609  -0.1009168  -0.7401845  -0.6027718  -0.9911120  -1.1464481
  -1.5108073  -1.0970042   0.2823398  -0.6832010   0.7880992   0.2363617   1.2478805   0.7880992   0.3283179   0.5582086  -0.4992885  -0.3153759  -1.6487417
   0.2826125   0.2910424   0.2260118   0.3712907   0.3768741   0.3680063   0.3840997   0.2266687   0.3970183   0.4169435   0.3440304   0.4365403   0.3854135
  -1.1329894  -0.5624363   0.2149596  -0.9344758   1.3033138  -0.7234683   0.6203160   0.6772325   0.6772325   0.0594804  -0.4416623  -0.4971906  -1.1288248

 Columns 27 through 39:

  -0.3497649  -0.4039689  -0.4091212  -0.4042425  -0.4092124   0.2096451  -0.4062456  -0.3266449  -0.3531459  -0.3161459  -0.3945620  -0.4095574  -0.3912194
  -0.4723365  -0.4723365   3.6083071   2.1049121  -0.4723365  -0.4723365   1.2458292   0.3867464  -0.4723365  -0.4723365  -0.4723365  -0.4723365  -0.4723365
  -0.7329413   0.3956714  -1.2475419  -1.3922734  -0.8805966   1.0067597  -0.7022407  -1.0589525   1.5608325   1.5608325  -0.5604331  -0.9975513  -0.0911525
  -0.2396690  -0.2396690  -0.2396690  -0.2396690  -0.2396690  -0.2396690   4.1724203  -0.2396690  -0.2396690  -0.2396690  -0.2396690  -0.2396690  -0.2396690
  -0.4189163  -1.0283655  -1.2103297  -1.2547324  -0.3492649   1.6096791  -0.9413014   0.7999822   0.5997346   0.5997346  -0.5408061  -0.9848334  -0.5756318
   2.8998188  -0.3791995   2.2180985   0.4236529  -0.5763914  -0.0834118   0.7715556   1.0363561  -0.1791907  -0.9031664   0.2081504  -0.3721570  -0.1355268
   0.1518205  -0.9276984  -1.2445894  -1.1505668  -0.7884056   1.0815997  -1.4395993   0.5453225   1.0084710   0.8970368  -0.5794665  -0.7117946  -0.9242160
   0.0329842   0.8236919   0.6409212   3.2978186   0.6946549  -0.8381578   0.5196759  -0.7772975  -0.9978386  -0.8499877   0.3665039   2.0166185   0.0838198
  -0.1647281  -0.6232494  -0.6232494  -0.6232494  -0.5086191   1.6693575  -0.6232494  -0.5086191  -0.6232494  -0.6232494  -0.5086191  -0.7378798  -0.6232494
  -0.6027718  -0.7103122  -1.0986524   0.0185725  -1.0986524   1.5420609  -0.9194184  -0.8596738   0.1739085   0.1739085  -0.7222611  -0.3339209  -0.7820058
  -0.4992885  -1.1429823  -1.7406980  -0.0854853   0.7880992   0.7880992  -0.4073322  -2.5223262   1.2478805   1.2478805   0.5122304   0.1444054   0.0524491
   0.3162226   0.4365403   0.3914348   0.1505806   0.4365403   0.4232933   0.3987699   0.2960785   0.4365403   0.4365403   0.4365403   0.3132667   0.4007406
  -1.4231247  -0.3222765  -1.2371049  -1.0038862  -0.4055690   0.5370236  -1.1885177   0.2871463   0.7966183   0.7799598  -0.7665028  -0.3042298  -0.4513798

 Columns 40 through 52:

  -0.4042117  -0.0088136  -0.4058731  -0.2730497  -0.4081245   0.4388402  -0.3536305   0.4954308  -0.3867034  -0.3938082  -0.3802127   1.6539824  -0.3567379
   1.2458292  -0.4723365   2.5344535  -0.4723365   2.5344535  -0.4723365   0.3867464  -0.4723365  -0.4723365  -0.4723365  -0.4723365  -0.4723365  -0.4723365
  -0.7022407   1.0067597  -1.3118670   1.2231258  -1.3118670   1.0067597  -1.0589525   1.0067597  -0.2227265  -0.0911525  -0.7329413   1.0067597  -0.7329413
  -0.2396690  -0.2396690  -0.2396690   4.1724203  -0.2396690  -0.2396690  -0.2396690   4.1724203  -0.2396690   4.1724203  -0.2396690  -0.2396690  -0.2396690
  -0.9413014   1.8708716  -1.3505030   0.4343127  -1.3505030   1.3746058   0.7999822   0.9828170   0.2601843  -0.5756318  -0.4450355   0.3646613  -0.4189163
   0.2870271  -1.2905075   0.0940608  -0.0397479   0.8349387   0.0320863   1.3025650  -0.5679403  -0.3651144  -0.4482167   1.9828768  -2.3243560   1.5208846
  -1.2828949   0.9492715  -1.7007732   0.8239081  -0.7501001   0.5139817   0.4478176   0.7194385  -0.1267650   0.8064965  -1.8087251   1.0815997   0.0926211
   0.1764167  -0.7912179   1.9283451  -0.9362182   1.9283451  -0.4683880  -0.7871796  -1.2539646  -0.6460751   0.0513705  -0.1871293  -1.0523800   0.1800749
  -0.6232494   1.6693575  -0.5086191  -0.5086191  -0.5086191   1.6693575  -0.5086191   1.6693575  -0.3939887  -0.6232494  -0.1647281   1.6693575  -0.1647281
  -0.9194184   1.5420609  -0.2980741  -0.0292232  -0.2980741   1.5420609  -0.8596738   1.5420609  -0.1009168  -0.7820058  -0.6027718   1.5420609  -0.6027718
  -0.4073322   0.7880992  -1.6947199  -1.7406980  -1.6947199   0.7880992  -2.5223262   0.7880992   0.3283179   0.0524491  -0.4992885   0.7880992  -0.4992885
   0.4365403   0.2601693   0.1227729  -0.1982200   0.3704148  -0.9285557   0.3916538  -0.1001267   0.4365403   0.3965804   0.2242601  -3.5934979   0.3617660
  -0.7678910  -0.3514289  -1.0760729  -1.0024979  -0.9233702   0.4870481  -0.4347213  -0.5332840   0.0275516   0.6314217  -1.2218347   3.0052556  -1.1093899

 Columns 53 through 65:

  -0.3985649  -0.3941104  -0.4036964  -0.3939346   1.3313076  -0.3882670   0.0552565   1.1158321   0.3520259  -0.4028118  -0.3966431  -0.4056555  -0.4007461
  -0.4723365   0.6015171  -0.4723365  -0.4723365  -0.4723365   0.0645903  -0.4723365  -0.4723365  -0.4723365   0.8162878  -0.4723365  -0.4723365  -0.4723365
  -0.3879250  -0.8893682  -1.0472570  -0.2227265   1.0067597  -0.4887984   1.0067597   1.0067597   1.0067597  -0.9186069  -0.3879250  -1.0472570   2.4160637
  -0.2396690  -0.2396690  -0.2396690  -0.2396690  -0.2396690  -0.2396690  -0.2396690  -0.2396690  -0.2396690  -0.2396690  -0.2396690  -0.2396690  -0.2396690
  -0.3057329  -0.8890628  -0.3927970   0.2601843   1.0089362  -0.2709072   1.8708716   1.3746058   1.2614224  -1.1067233  -0.3057329  -0.3927970   0.4691383
  -0.2129950  -0.4397656  -0.5904765  -0.8045705   0.3757635   0.1391333  -0.2341227  -0.0989054  -0.7961194   0.4616827   0.6321128   0.3771720  -0.4158209
   0.5662165   0.8517666  -0.0083662  -0.5202671   1.0502588   0.8831075   0.4304060   0.9074837   0.9771301  -0.9311807   0.3816536  -1.2480717   0.5070170
  -0.7822861   1.4488274  -0.5069661  -0.6590929  -1.0688659   1.2246756  -0.5985652  -0.7348712  -0.8753580   1.1501801  -0.4709060  -0.3024834  -0.7882248
  -0.5086191  -0.1647281  -0.5086191  -0.3939887   1.6693575  -0.5086191   1.6693575   1.6693575   1.6693575  -0.3939887  -0.5086191  -0.5086191  -0.6232494
  -0.1427381  -0.7401845  -0.6684909  -0.1009168   1.5420609  -0.5788740   1.5420609   1.5420609   1.5420609  -0.6445931  -0.1427381  -0.6684909   1.8109118
   1.1099462   0.5582086  -0.8671135   0.3283179   0.7880992  -1.5108073   0.7880992   0.7880992   0.7880992  -0.8671135   1.1099462  -0.8671135   0.7421211
   0.3357099   0.2305004   0.3963614   0.4365403   0.4365403   0.3885884   0.3691011  -2.8069995   0.4094989   0.2929036   0.4131117   0.3715096   0.4365403
   0.1899718   0.2385591  -0.4277803  -0.0987752   1.1603285   1.0728715  -0.0071536   0.3398982   0.6092103  -0.7429032  -0.4583208  -1.0260975   0.0872445

 Columns 66 through 78:

   0.4484097  -0.3877395  -0.3891130  -0.4019811   4.1502675   1.7939590  -0.4032766   1.1715854   0.3965231  -0.3995682  -0.4077685   0.2002723  -0.4016713
  -0.4723365  -0.4723365  -0.4723365  -0.4723365  -0.4723365  -0.4723365   0.0645903  -0.4723365  -0.4723365  -0.4723365  -0.4723365  -0.4723365   0.8162878
   1.0067597  -0.0911525  -0.0911525  -1.2797045   1.0067597   1.0067597  -0.4887984   1.0067597   1.0067597  -1.2168413   0.1047466   1.0067597  -0.9186069
  -0.2396690  -0.2396690   4.1724203  -0.2396690  -0.2396690  -0.2396690  -0.2396690  -0.2396690  -0.2396690  -0.2396690  -0.2396690  -0.2396690  -0.2396690
   0.8696336  -0.5756318  -0.5756318  -0.5843382   1.2004774   1.2614224  -0.2709072   1.6096791   1.0785876  -0.9587142   0.1557073   1.3746058  -1.1067233
  -0.0974969   0.0672991  -0.6637192   0.4011167  -1.0524688  -2.6905694  -0.3749740   0.2574484  -0.1200331   0.4884445  -0.3496208   0.2222355   0.1123715
  -0.1232827  -0.5725018  -0.5272317   0.9283776   0.5731811   0.7751556  -0.0814949   0.8482843   0.3189718  -0.3879389   0.4129944   0.6602391  -0.5585726
  -0.3827276   0.2783730  -0.0552892  -0.4380292  -1.0269622  -1.1067313   0.8511526  -0.8392030  -0.8710346  -0.1300699  -0.6005131  -0.6904019   1.5519240
   1.6693575  -0.6232494  -0.6232494  -0.7378798   1.6693575   1.6693575  -0.5086191   1.6693575   1.6693575  -0.8525101  -0.9671405   1.6693575  -0.3939887
   1.5420609  -0.7820058  -0.7820058  -1.2838608   1.5420609   1.5420609  -0.5788740   1.5420609   1.5420609  -0.7879802  -0.8059036   1.5420609  -0.6445931
   0.7880992   0.0524491   0.0524491  -0.3153759   0.7880992   0.7880992  -1.5108073   0.7880992   0.7880992  -0.2234197   1.1559243   0.7880992  -0.8671135
   0.4365403   0.4143160   0.3712907   0.4365403  -0.3017873  -0.7794450   0.4223080  -3.6077302  -2.8496964   0.0104473   0.4365403  -2.8118166   0.1721480
   0.0691978  -0.2431487   0.4592840  -0.9775102   2.0348989   2.4860662  -0.0404705   0.7397018   1.2214096  -0.8428541  -0.6721047   0.4856599  -0.2084436

 Columns 79 through 91:

  -0.0480596  -0.3756373  -0.4029085  -0.3637614   0.2322453  -0.4090464  -0.4088377  -0.4014746   0.7596438  -0.3539722  -0.4062192   0.4139831  -0.4075048
  -0.4723365   0.4726547  -0.4723365  -0.4723365  -0.4723365   0.3867464   2.9639950   1.2458292  -0.4723365  -0.4723365  -0.4723365  -0.4723365   0.4297005
   1.2231258  -0.7826471  -0.0589899  -0.7329413   1.0067597  -1.1525163  -1.4171262  -0.7022407   1.0067597  -0.7329413  -0.8805966   1.0067597  -0.8148096
   4.1724203  -0.2396690  -0.2396690   4.1724203  -0.2396690  -0.2396690  -0.2396690   4.1724203  -0.2396690  -0.2396690  -0.2396690  -0.2396690  -0.2396690
   2.7502198  -1.0806040  -1.2373196  -0.4189163   1.2004774  -0.9769977  -1.3156773  -0.9413014   1.6096791  -0.4450355  -0.3492649   1.3746058  -1.0109527
  -1.2327584  -0.2397567  -0.3003228   0.6307043   0.1785716   2.1716176   1.4025695   1.3927099   0.2546313  -0.4186379  -0.4369486   0.1954738  -0.3946932
   1.0815997  -1.1853900  -2.1290984  -0.0849772   0.9423069  -0.1546236  -1.0669911  -0.6943830   0.9005191  -0.0292601  -0.3635627   1.0224002  -1.6555030
  -1.1627455   2.0365252   0.7213555  -0.0556218  -0.9939903   0.4398117   1.6818636   0.4837584  -0.8461869  -0.0463099   0.4956358  -0.7525449   1.4470221
  -0.5086191  -0.2793584  -0.6232494  -0.1647281   1.6693575  -0.5086191  -0.8525101  -0.6232494   1.6693575  -0.1647281  -0.5086191   1.6693575  -0.6232494
  -0.0292232  -0.4653591  -0.6147208  -0.6027718   1.5420609  -1.1464481  -0.4713336  -0.9194184   1.5420609  -0.6027718  -1.0986524   1.5420609  -0.9851376
  -1.7406980   0.2823398   0.3283179  -0.4992885   0.7880992  -1.6487417  -2.7062388  -0.4073322   0.7880992  -0.4992885   0.7880992   0.7880992  -0.7751572
   0.4365403   0.3629703   0.3709622   0.0347517   0.4365403   0.3315497   0.3850850   0.3527887  -3.4372711   0.2334564   0.4365403  -0.5782223   0.4365403
   1.9571593  -0.4944142  -0.9997215  -0.6485052   0.9229451  -1.2440460  -0.8470188  -0.9261466   1.5629085  -0.1487507  -0.4763675   0.9146159  -0.5957533

 Columns 92 through 101:

  -0.1233903   0.0976242  -0.4003373  -0.3919545  -0.3949147   0.1686245  -0.4024250  -0.0245496  -0.3681786  -0.4062434
  -0.4723365  -0.4723365  -0.4723365   0.4726547   0.4726547  -0.4723365   1.2458292  -0.4723365  -0.4723365   0.3867464
  -0.1920259   1.0067597  -1.2168413  -0.7826471  -0.7826471   1.0067597  -0.7022407   1.2231258  -0.7329413  -1.1525163
  -0.2396690  -0.2396690  -0.2396690  -0.2396690  -0.2396690  -0.2396690  -0.2396690   4.1724203   4.1724203   4.1724203
  -0.0967788   0.5126704  -0.9587142  -1.0806040  -1.0806040   1.2614224  -0.9413014   2.7502198  -0.4189163  -0.9769977
  -1.8384190   0.9884666  -0.1622885  -0.9482388   0.2180100  -0.3200420   0.8109940  -0.1777822  -0.1608800   1.9251278
  -1.0844027  -0.0466717   0.0229747   0.0438686  -0.6909007   0.4721939  -0.9102868   0.4756762   0.7786379  -0.6700068
  -0.5936717  -0.5872578  -0.1300699   1.9887302   1.9277275  -0.7607166   0.2367543  -0.9613510  -0.3425342   0.6855330
  -0.6232494   1.6693575  -0.8525101  -0.2793584  -0.2793584   1.6693575  -0.6232494  -0.5086191  -0.1647281  -0.5086191
  -0.6206952   1.5420609  -0.7879802  -0.4653591  -0.4653591   1.5420609  -0.9194184  -0.0292232  -0.6027718  -1.1464481
  -0.0395071   0.7880992  -0.2234197   0.2823398   0.2823398   0.7880992  -0.4073322  -1.7406980  -0.4992885  -1.6487417
  -0.0719905   0.1932775   0.3810343   0.3514749   0.1936060   0.2337848   0.4365403  -2.9451622   0.4183667   0.2194430
  -0.0113182  -0.1473625  -0.1917851   0.7966183  -0.4444387   0.8382645  -1.3523261   0.3190751   1.2130804  -1.3481615

